# Drone Mission File Format: Name;StartOffsetSec;DurationSec;WP1_x,WP1_y,WP1_z;WP2_x,WP2_y,WP2_z;...
Alpha (Primary);0.0;161.0;32.4,227.46,36.28;119.34,0.55,47.16;121.26,97.54,84.92;109.11,114.54,118.82;260.39,286.42,49.27;224.6,248.38,127.72
PotentialConvergeDrone_1;31.0;125.0;122.89,92.78,132.07;80.81,88.46,121.1;292.94,130.35,83.23
PotentialConvergeDrone_2;30.0;49.0;17.85,98.21,46.03;15.8,294.87,69.37;125.66,191.38,13.28;71.61,192.98,103.51;140.31,128.42,80.61;257.85,19.82,38.91;21.29,256.73,148.78
PotentialConvergeDrone_3;113.0;118.0;67.36,246.51,147.91;220.09,275.46,142.92;199.56,274.82,19.96
PotentialConvergeDrone_4;26.0;53.0;276.13,17.2,106.77;28.97,99.67,60.36;154.47,261.14,64.14;139.69,266.94,19.59;106.23,98.84,97.44;198.73,206.36,120.14
PotentialConvergeDrone_5;36.0;106.0;215.99,248.07,137.59;84.58,99.34,132.02;86.19,21.64,13.39;253.29,40.79,119.05
RandomDrone_1;41.0;63.0;174.61,10.07,109.62;114.4,105.16,48.02;9.17,6.8,139.52;150.21,207.19,28.75;58.84,61.26,28.44;201.25,110.74,60.42;214.31,49.12,48.55
RandomDrone_2;55.0;120.0;217.25,122.14,104.92;275.36,130.73,9.4;50.33,219.13,75.54;223.18,131.14,107.93;97.5,30.72,93.14
RandomDrone_3;31.0;167.0;108.0,76.71,29.72;146.22,184.59,53.13;224.92,38.98,57.06;77.43,179.17,47.33;209.95,157.62,105.52
RandomDrone_4;60.0;117.0;107.63,274.87,39.95;271.36,204.5,147.4;70.08,193.69,90.3;83.03,112.98,144.37;197.66,17.03,92.03
RandomDrone_5;79.0;128.0;147.02,57.65,67.97;133.87,153.75,117.85;264.98,49.56,65.18;40.77,13.73,82.7;38.16,154.14,28.43;198.07,111.29,71.02;6.57,287.4,100.2
RandomDrone_6;53.0;65.0;200.5,169.77,4.69;21.1,173.4,114.34
RandomDrone_7;77.0;164.0;55.77,268.93,19.8;68.14,164.04,25.31;168.82,186.36,7.1
RandomDrone_8;56.0;156.0;138.52,126.85,133.35;253.51,142.0,141.36;92.41,50.21,13.59;199.44,243.84,55.75;184.24,127.91,10.75;39.57,275.37,102.12;155.5,30.12,19.61
RandomDrone_9;11.0;155.0;295.25,134.32,50.37;17.03,235.86,100.85;148.77,223.67,125.7;291.65,49.48,129.2
