Alpha (Primary);0;69;73.95,198.09,54.88;196.5,42.65,97.93;76.9,131.99,14.11;4.38,183.86,59.59;76.44,189.55,80.0
ConvergeDrone_1;11;80;77.04,134.6,10.14;99.8,121.67,14.08;69.99,156.89,25.78;58.39,133.85,19.89;76.9,131.99,14.11;64.86,108.54,10.65
ConvergeDrone_2;21;64;76.44,189.55,80.0;55.39,173.06,92.42;65.55,179.57,84.41
ConvergeDrone_3;5;86;78.87,108.38,6.32;70.97,155.64,9.45;76.9,131.99,14.11
RandomDrone_1;2;56;197.41,45.59,71.21;39.12,158.26,95.9;171.28,149.86,0.63;59.1,148.47,55.08;185.19,107.94,40.01
RandomDrone_2;37;108;123.95,46.05,59.61;77.09,112.67,57.06;170.71,189.28,34.55
RandomDrone_3;52;119;11.31,170.11,49.2;48.52,11.72,12.53;34.14,195.94,29.6;28.91,57.95,46.36;41.55,63.46,66.63
RandomDrone_4;6;84;87.31,71.07,22.07;2.2,175.42,12.09;94.85,89.42,88.17;161.5,119.99,92.17;54.05,74.96,36.07;158.3,144.94,8.03
RandomDrone_5;38;115;96.72,105.59,44.99;105.36,60.93,83.61;44.35,3.16,50.47;190.19,130.21,39.74;36.95,50.96,0.25
RandomDrone_6;1;40;54.65,137.46,69.2;40.54,160.36,1.59;2.62,103.28,91.17
